FANN_FLO_2.1
Network Description:
	num_layers=2
	num_inputs=2
	Layer Description:
		num_neurons=1
		type=connected_any_any
		Neuron Description:
			num_outputs=3
			type=connected_any_any
	Layer Description:
		num_neurons=1
		type=connected_any_any
		Neuron Description:
			num_outputs=1
			type=connected_any_any
Network Data:
	learning_rate=0.700000
	connection_rate=0.000000
	network_type=0
	learning_momentum=0.000000
	training_algorithm=2
	train_error_function=1
	train_stop_function=1
	cascade_output_change_fraction=0.010000
	quickprop_decay=-0.000100
	quickprop_mu=1.750000
	rprop_increase_factor=1.200000
	rprop_decrease_factor=0.500000
	rprop_delta_min=0.000000
	rprop_delta_max=50.000000
	rprop_delta_zero=0.100000
	cascade_output_stagnation_epochs=12
	cascade_candidate_change_fraction=0.010000
	cascade_candidate_stagnation_epochs=12
	cascade_max_out_epochs=150
	cascade_min_out_epochs=50
	cascade_max_cand_epochs=150
	cascade_min_cand_epochs=50
	cascade_num_candidate_groups=2
	bit_fail_limit=9.99999977648258210000e-003
	cascade_candidate_limit=1.00000000000000000000e+003
	cascade_weight_multiplier=4.00000005960464480000e-001
	cascade_activation_functions_count=10
	cascade_activation_functions=3 5 7 8 10 11 14 15 16 17 
	cascade_activation_steepnesses_count=4
	cascade_activation_steepnesses=2.50000000000000000000e-001 5.00000000000000000000e-001 7.50000000000000000000e-001 1.00000000000000000000e+000 
	scale_included=0
	Layer data:
		Neuron Data
			activation_function=5
			activation_steepness=1.00000000000000000000e+000
			weights=1.85453057289123540000e+000 1.63603878021240230000e+000 -1.41347718238830570000e+000 8.90403389930725100000e-001 -5.72999417781829830000e-001 -1.18409228324890140000e+000 1.80770730972290040000e+000 2.17207264900207520000e+000 1.85645520687103270000e+000 
	Layer data:
		Neuron Data
			activation_function=5
			activation_steepness=1.00000000000000000000e+000
			weights=-2.97424793243408200000e+000 7.69575893878936770000e-001 2.90253639221191410000e+000 -2.23376941680908200000e+000 

